// Sun Feb 28 09:57:42 2010
// Shark
geometry 0 740 2502
62.222061 -171.275208 14.209234
0.753058 0.017204 0.657729
0.302249 0.610170
57.217136 -120.925697 17.462751
0.693803 0.060035 0.717658
0.386173 0.612271
41.071438 -125.802330 27.848291
0.511157 0.039004 0.858602
0.375796 0.635146
48.608936 -174.745255 25.735132
0.541823 -0.002395 0.840489
0.299005 0.634635
76.125877 -168.562012 -8.602762
0.923205 0.027039 0.383356
0.302792 0.569155
73.667336 -115.500839 -6.880848
0.909107 0.089047 0.406935
0.393330 0.570444
58.195950 -21.531530 -6.188168
0.894546 0.169914 0.413421
0.532857 0.574387
40.232204 -23.155291 18.568293
0.653103 0.178784 0.735862
0.532527 0.620351
44.007587 44.691017 -7.828913
0.853399 0.206162 0.478756
0.617146 0.579198
26.631531 44.657784 10.160452
0.591926 0.181748 0.785233
0.617154 0.620791
0.000007 -210.047043 36.467209
-0.000000 -0.114743 0.993395
0.254140 0.674519
34.746845 -206.206985 29.591658
0.318962 -0.130442 0.938748
0.254725 0.646024
33.061096 -177.677780 33.080032
0.311413 -0.044583 0.949228
0.297013 0.648514
0.000007 -183.869217 38.598106
0.000000 -0.124373 0.992235
0.289796 0.674528
27.473221 -130.006683 35.519508
0.537492 -0.023021 0.842954
0.371625 0.647090
9.334001 -151.482422 47.416840
0.701436 -0.389347 0.596989
0.342642 0.665761
25.343351 -27.701025 29.526430
0.477428 0.235200 0.846607
0.533349 0.643905
16.082884 -13.749035 27.892473
0.370536 0.268674 0.889110
0.553885 0.650469
12.657618 44.469284 17.927599
0.351049 0.175984 0.919671
0.617196 0.644285
0.000007 -11.805244 32.780289
-0.000000 0.285803 0.958288
0.557170 0.674528
0.000006 43.735191 20.855757
-0.000000 0.190589 0.981670
0.620200 0.674528
8.312459 125.004532 5.103788
0.435134 0.074040 0.897316
0.760142 0.653232
3.475021 133.750320 9.027426
0.801917 0.115466 0.586171
0.787653 0.660588
0.000006 130.681152 12.369223
0.000000 -0.383443 0.923564
0.778175 0.674282
0.000005 124.472504 7.205225
0.000000 -0.261219 0.965279
0.752945 0.674308
3.530558 144.370926 5.153910
0.627702 0.198215 0.752796
0.805326 0.662124
6.482395 154.621216 0.793156
0.364480 0.211062 0.906977
0.812820 0.652561
11.394921 -35.315060 38.121742
0.578601 0.347225 0.738008
0.519871 0.655657
6.836781 -43.734795 56.739723
0.832222 0.469831 0.294391
0.506778 0.665760
0.000007 -29.431431 40.737816
0.000000 0.626374 0.779523
0.531044 0.674528
0.000007 -40.223938 57.808434
0.000000 0.956445 0.291914
0.512956 0.674528
10.611584 202.992889 -10.990656
0.833070 0.118647 0.540295
0.898561 0.636152
8.023179 225.131943 -10.654589
0.963048 0.001745 0.269324
0.927683 0.638061
0.000007 222.802353 -1.580502
0.000000 -0.410872 0.911693
0.927429 0.674528
0.000007 202.789291 -4.229496
0.000000 0.035612 0.999366
0.900238 0.674226
0.000007 -240.024857 33.156097
0.000000 -0.171276 0.985223
0.211614 0.674528
34.086220 -232.466766 25.270750
0.369761 -0.170448 0.913359
0.215637 0.645378
64.443504 -222.480621 9.388189
0.721202 -0.146434 0.677071
0.222347 0.612762
77.691566 -214.214172 -10.866966
0.955960 -0.168185 0.240529
0.226953 0.583580
34.655865 -326.888489 -38.447701
0.662396 -0.352168 -0.661218
0.059416 0.629567
30.575043 -320.266418 -40.107883
0.373101 -0.002678 -0.927787
0.053353 0.622306
50.142838 -291.088379 -29.525349
0.550526 -0.050094 -0.833313
0.099766 0.604567
58.251698 -291.991730 -24.007751
0.899072 -0.333232 -0.283947
0.103519 0.610643
73.364098 -219.650284 -16.316580
0.685991 -0.676803 -0.267122
0.207260 0.579035
72.597755 -255.825012 -15.563991
0.974602 -0.223883 0.005206
0.161092 0.591605
69.772064 -254.861710 -20.324169
0.828563 -0.116264 -0.547692
0.155440 0.587873
18.348314 -339.255920 -42.253944
0.358836 -0.525975 -0.771094
0.016131 0.649210
21.140585 -350.753723 -22.017694
0.545568 -0.778257 -0.310922
0.034264 0.649863
0.000007 -356.357971 -22.838066
0.000000 -0.904758 -0.425926
0.023761 0.674521
0.000007 -343.372681 -43.804375
0.000000 -0.591058 -0.806629
0.010967 0.674521
35.470398 -332.293884 -18.224506
0.864933 -0.497475 0.066403
0.062081 0.641936
47.971119 -297.041779 -7.653032
0.732368 -0.370302 0.571413
0.111788 0.633019
0.000007 -366.044861 4.543901
0.000000 -0.854237 0.519884
0.039914 0.674521
18.746895 -357.445129 1.871620
0.580232 -0.631250 0.514640
0.038675 0.658937
27.489996 -331.817810 1.509716
0.614569 -0.242481 0.750671
0.064998 0.656359
27.095768 -298.919586 6.555124
0.400078 -0.261990 0.878236
0.115784 0.653120
59.201126 -259.955811 3.298109
0.691514 -0.290175 0.661519
0.166233 0.622725
32.102798 -265.743011 19.505636
0.381591 -0.295949 0.875672
0.169534 0.649484
0.000007 -268.761536 25.626875
-0.000000 -0.318544 0.947908
0.169538 0.674528
0.000007 -300.591431 13.164114
-0.000000 -0.265026 0.964241
0.117890 0.674528
0.000007 -330.394836 7.760328
-0.000000 -0.128715 0.991682
0.066599 0.674528
0.000007 -159.032257 46.742455
0.000000 -0.470445 0.882429
0.327318 0.674528
12.759113 154.396164 -2.218306
0.640972 0.170421 0.748406
0.820651 0.642678
0.000005 156.069855 1.615158
-0.000000 0.288173 0.957578
0.815686 0.674453
0.000006 145.090134 7.639997
0.000000 0.380151 0.924924
0.809314 0.674529
15.023184 -330.817322 -44.449211
0.213511 -0.151465 -0.965128
0.010114 0.641775
0.000006 139.663391 10.285208
0.000000 0.634702 0.772757
0.801065 0.674556
0.000007 -332.999390 -45.615166
0.000000 -0.171962 -0.985103
0.000517 0.674522
0.000006 138.644394 17.021456
0.000000 0.458094 0.888904
0.789710 0.674543
18.201767 125.096313 0.286579
0.635634 0.182930 0.750004
0.760055 0.632867
26.830708 125.888290 -12.146744
0.891234 0.219851 0.396696
0.761020 0.604577
19.705629 155.490280 -13.140675
0.894982 0.184256 0.406271
0.823645 0.615214
51.122150 -202.127243 22.449396
0.542991 -0.098834 0.833902
0.257317 0.630781
82.472511 -111.129944 -45.652885
0.986777 0.124342 0.103972
0.395826 0.538138
66.065430 -23.126127 -40.519417
0.977914 0.208702 0.011324
0.536763 0.545310
30.415596 127.276245 -29.632393
0.971530 0.232590 0.045075
0.781631 0.569139
51.882900 44.117279 -35.194057
0.973333 0.227415 0.030076
0.648424 0.554219
46.475964 43.223816 -62.736778
0.912820 0.241080 -0.329606
0.648468 0.515134
27.277613 129.511261 -49.094627
0.863715 0.284776 -0.415811
0.799305 0.531050
20.190973 158.035889 -43.083096
0.831435 0.288634 -0.474769
0.854271 0.543008
10.063294 202.451691 -37.150337
0.794631 0.246946 -0.554599
0.898912 0.558257
13.513309 203.141586 -25.566996
0.973665 0.219578 -0.061335
0.901255 0.587123
23.805439 157.080261 -28.087461
0.974971 0.219132 0.037576
0.833916 0.578754
79.167572 -104.238503 -87.854492
0.878049 0.408392 -0.249493
0.406038 0.485772
58.744354 -23.204178 -73.404793
0.910834 0.248041 -0.329935
0.536497 0.503442
85.797859 -174.298737 -49.508148
0.992719 -0.042214 0.112812
0.293309 0.534524
85.287598 -134.410736 -67.349960
0.994870 0.098463 0.023202
0.358929 0.512103
86.635628 -178.432373 -67.779129
0.980510 -0.145554 0.131960
0.289401 0.511887
92.569206 -172.348450 -78.631859
0.746686 -0.287942 0.599624
0.300776 0.497456
84.509399 -185.776047 -90.513634
0.845454 -0.504427 -0.175387
0.279658 0.485872
4.345016 221.675034 -36.531601
0.926788 0.047110 -0.372618
0.927778 0.566113
7.898751 225.146683 -24.916470
0.973324 0.156410 -0.167858
0.927619 0.606237
77.334122 -232.848801 -71.542709
0.857401 -0.426669 0.287779
0.202004 0.507045
69.775528 -263.541992 -93.695663
0.872640 -0.475764 0.110220
0.155710 0.479219
77.241486 -216.571747 -52.292282
0.907815 -0.391740 0.149707
0.222390 0.536680
70.556061 -236.373886 -69.393028
0.525988 -0.611300 0.591311
0.197202 0.510292
61.774765 -265.397156 -90.291847
0.433067 -0.530027 0.729057
0.153550 0.483959
72.303978 -221.503052 -49.636246
0.511633 -0.842893 0.166625
0.215825 0.539346
86.768082 -146.654434 -78.022133
0.825835 0.145658 0.544776
0.340246 0.498381
0.000007 131.850021 -71.915871
-0.000000 -0.046011 -0.998941
0.027805 0.536884
0.000006 142.622055 -79.132828
0.000000 0.324759 -0.945797
0.058320 0.536884
5.021093 139.263428 -71.858551
0.795145 0.126087 -0.593167
0.046808 0.552185
11.542342 131.459824 -64.421379
0.668309 0.273057 -0.691956
0.030500 0.579345
6.333927 143.093002 -64.414009
0.758078 0.398763 -0.516048
0.066342 0.554273
0.000007 200.415848 -45.336521
0.000000 0.273801 -0.961786
0.897951 0.523865
5.492042 158.577454 -56.305473
0.678789 0.317925 -0.661944
0.865557 0.508694
60.725224 -99.289017 -111.434998
0.612276 0.232111 -0.755806
0.414707 0.457402
48.015038 -23.706749 -95.579689
0.722795 0.237851 -0.648841
0.536114 0.471278
37.528286 42.195435 -79.718933
0.893785 0.256788 -0.367707
0.648332 0.487971
65.352440 -186.377228 -120.742432
0.589491 -0.016123 -0.807614
0.276316 0.451274
79.236191 -124.395134 -102.417252
0.302340 0.284910 -0.909625
0.374495 0.472426
80.611862 -176.210632 -104.110207
0.527698 -0.269722 -0.805472
0.294902 0.471876
33.852722 -187.921539 -134.669113
0.292825 0.009225 -0.956122
0.273334 0.425503
27.434845 -98.769150 -128.469345
0.316383 0.164792 -0.934208
0.415689 0.424687
20.178608 68.192215 -86.722252
0.518714 0.413593 -0.748249
0.674984 0.469336
0.000007 131.850021 -71.915871
-0.000000 -0.046011 -0.998941
0.813911 0.485604
11.542342 131.459824 -64.421379
0.668309 0.273057 -0.691956
0.813402 0.497798
0.000007 -185.979263 -140.120010
-0.000000 0.014786 -0.999891
0.276156 0.377292
0.000007 -100.247711 -133.608231
0.000000 0.147016 -0.989134
0.412900 0.382984
20.597589 16.744812 -102.547539
0.316903 0.108312 -0.942253
0.579695 0.447108
22.560518 -23.454702 -111.217102
0.407503 0.207675 -0.889276
0.536392 0.437030
0.000007 -24.983688 -119.233597
0.000000 0.205870 -0.978579
0.536133 0.384499
0.000006 16.097454 -109.530983
0.000000 0.239174 -0.970977
0.584070 0.388637
0.000007 219.425339 -44.309364
0.000000 -0.373586 -0.927596
0.927849 0.530881
54.778351 -264.056335 -118.799431
0.639768 -0.199583 -0.742202
0.151980 0.451051
19.900743 49.076233 -93.913582
-0.137060 0.340956 -0.930034
0.663655 0.458616
0.000008 49.005028 -101.967934
0.000000 0.280426 -0.959876
0.664950 0.381956
37.422894 42.065468 -91.267746
0.934332 -0.002673 0.356393
0.648346 0.469059
30.664661 23.593185 -95.415779
0.858244 -0.221002 -0.463222
0.581657 0.454899
41.393047 -306.615479 -110.112457
0.740850 -0.652204 -0.160535
0.090252 0.455965
31.290121 -300.250549 -122.192360
0.403468 -0.325245 -0.855236
0.098239 0.443008
55.258167 -288.547913 -102.762634
0.829755 -0.557977 -0.012950
0.121196 0.466832
0.000007 -258.069122 -136.127029
-0.000000 -0.120258 -0.992743
0.161279 0.372466
31.095436 -261.467834 -128.286591
0.293524 -0.120483 -0.948329
0.156622 0.431806
0.000007 -295.153320 -129.609344
0.000000 -0.215515 -0.976501
0.105532 0.372758
0.000007 -317.603210 -123.316902
-0.000000 -0.507879 -0.861429
0.088648 0.375478
27.044020 -319.470459 -112.502167
0.498851 -0.861752 -0.092366
0.066210 0.448640
0.000007 -328.445679 -112.974419
0.000000 -0.999319 -0.036906
0.049010 0.375246
37.773205 -307.186218 -106.403839
0.549348 -0.680667 0.484674
0.087618 0.459597
18.604275 -319.767517 -109.131676
0.261258 -0.752054 0.605110
0.062707 0.452503
51.936172 -288.746399 -98.986496
0.598350 -0.602969 0.527641
0.117614 0.470893
0.000007 -325.092468 -109.428802
0.000000 -0.726545 0.687119
0.040871 0.374916
0.000007 146.475418 -69.780472
-0.000000 0.730534 -0.682876
0.077935 0.536884
0.000007 163.046005 -60.219490
0.000000 0.425582 -0.904920
0.127892 0.534868
5.492042 158.577454 -56.305473
0.678789 0.317925 -0.661944
0.121982 0.560020
0.000007 163.046005 -60.219490
0.000000 0.425582 -0.904920
0.867191 0.497612
-62.222046 -171.275208 14.209234
-0.753058 0.017204 0.657729
0.300782 0.739318
-48.608921 -174.745255 25.735132
-0.541823 -0.002395 0.840489
0.298299 0.714551
-41.071423 -125.802330 27.848291
-0.511157 0.039004 0.858602
0.374624 0.713424
-57.217121 -120.925697 17.462751
-0.697612 0.078428 0.712170
0.379570 0.735547
-73.667320 -115.500839 -6.880848
-0.903940 0.097518 0.416391
0.386427 0.778954
-76.125862 -168.562012 -8.602762
-0.923205 0.027039 0.383356
0.301314 0.782038
-25.343336 -27.701025 29.526430
-0.495553 0.222268 0.839657
0.532562 0.705134
-40.232189 -23.155291 18.568293
-0.649337 0.149301 0.745702
0.536477 0.726725
-58.195934 -21.531530 -6.188168
-0.894546 0.169914 0.413421
0.536565 0.770713
-26.631514 44.657784 10.160452
-0.591926 0.181748 0.785233
0.617157 0.721871
-44.007572 44.691017 -7.828913
-0.853399 0.206162 0.478756
0.617149 0.763667
-33.061081 -177.677780 33.080032
-0.311413 -0.044583 0.949228
0.297013 0.700746
-34.746830 -206.206985 29.591658
-0.318962 -0.130442 0.938748
0.254725 0.703237
-27.473206 -130.006683 35.519508
-0.537492 -0.023021 0.842954
0.370956 0.703466
-9.333987 -151.482422 47.416840
-0.701436 -0.389347 0.596989
0.342642 0.684034
-16.082869 -13.749035 27.892473
-0.370536 0.268674 0.889110
0.553885 0.698790
-12.657602 44.469284 17.927599
-0.351049 0.175984 0.919671
0.617196 0.704968
-3.475010 133.750320 9.027426
-0.801917 0.115466 0.586171
0.787466 0.689157
-8.312448 125.004532 5.103788
-0.435134 0.074040 0.897316
0.760104 0.698673
-3.530548 144.370926 5.153910
-0.627702 0.198215 0.752796
0.804895 0.687896
-6.482384 154.621216 0.793156
-0.364480 0.211062 0.906977
0.812780 0.693868
-6.836767 -43.734795 56.739723
-0.832222 0.469831 0.294391
0.506778 0.684035
-11.394908 -35.315060 38.121742
-0.578601 0.347225 0.738008
0.519871 0.693603
-10.611570 202.992889 -10.990656
-0.833070 0.118647 0.540295
0.898486 0.713730
-8.023166 225.131943 -10.654589
-0.963048 0.001745 0.269324
0.927683 0.711191
-34.086205 -232.466766 25.270750
-0.369761 -0.170448 0.913359
0.215637 0.703875
-77.691551 -214.214172 -10.866966
-0.955960 -0.168185 0.240529
0.226358 0.766498
-64.443489 -222.480621 9.388189
-0.721202 -0.146434 0.677071
0.222018 0.736482
-34.655849 -326.888489 -38.447701
-0.662396 -0.352168 -0.661218
0.059246 0.718429
-58.251682 -291.991730 -24.007751
-0.899072 -0.333232 -0.283947
0.105849 0.734878
-50.142822 -291.088379 -29.525349
-0.550526 -0.050094 -0.833313
0.099766 0.744727
-30.575027 -320.266418 -40.107883
-0.373101 -0.002678 -0.927787
0.053353 0.726946
-73.364082 -219.650284 -16.316580
-0.685991 -0.676803 -0.267122
0.207260 0.770217
-69.772049 -254.861710 -20.324169
-0.828563 -0.116264 -0.547692
0.155440 0.761421
-72.597740 -255.825012 -15.563991
-0.974602 -0.223883 0.005206
0.160840 0.756153
-18.348299 -339.255920 -42.253944
-0.358836 -0.525975 -0.771094
0.017325 0.702563
-21.140570 -350.753723 -22.017694
-0.545568 -0.778257 -0.310922
0.034920 0.701705
-35.470383 -332.293884 -18.224506
-0.864933 -0.497475 0.066403
0.062352 0.706144
-47.971104 -297.041779 -7.653032
-0.732368 -0.370302 0.571413
0.111771 0.715935
-18.746880 -357.445129 1.871620
-0.580232 -0.631250 0.514640
0.039721 0.688495
-27.489981 -331.817810 1.509716
-0.614569 -0.242481 0.750671
0.064998 0.692894
-27.095753 -298.919586 6.555124
-0.400078 -0.261990 0.878236
0.115784 0.696116
-32.102783 -265.743011 19.505636
-0.381591 -0.295949 0.875672
0.169534 0.699752
-59.201111 -259.955811 3.298109
-0.691514 -0.290175 0.661519
0.166582 0.725677
-12.759101 154.396164 -2.218306
-0.640972 0.170421 0.748406
0.820648 0.705345
-15.023170 -330.817322 -44.449211
-0.213511 -0.151465 -0.965128
0.011359 0.712404
-18.201756 125.096313 0.286579
-0.635634 0.182930 0.750004
0.760008 0.716032
-19.705616 155.490280 -13.140675
-0.894983 0.184256 0.406271
0.823665 0.730317
-26.830694 125.888290 -12.146744
-0.891234 0.219851 0.396696
0.761037 0.739253
-51.122135 -202.127243 22.449396
-0.542991 -0.098834 0.833902
0.257146 0.718551
-82.472496 -111.129944 -45.652885
-0.986777 0.124342 0.103972
0.394866 0.812315
-66.065414 -23.126127 -40.519417
-0.977914 0.208702 0.011324
0.536309 0.801110
-30.415585 127.276245 -29.632393
-0.971530 0.232590 0.045075
0.780701 0.778082
-27.277597 129.511261 -49.094627
-0.863715 0.284776 -0.415811
0.798953 0.813957
-46.475948 43.223808 -62.736778
-0.912820 0.241080 -0.329606
0.648382 0.832044
-51.882885 44.117279 -35.194057
-0.973333 0.227415 0.030076
0.617119 0.790954
-20.190956 158.035889 -43.083096
-0.831435 0.288634 -0.474769
0.852431 0.806150
-23.805424 157.080261 -28.087461
-0.974971 0.219132 0.037576
0.833501 0.770248
-13.513295 203.141586 -25.566996
-0.973665 0.219578 -0.061335
0.901106 0.762569
-10.063281 202.451691 -37.150337
-0.794631 0.246946 -0.554599
0.898876 0.792264
-79.167557 -104.238503 -87.854492
-0.878049 0.408392 -0.249493
0.406038 0.863481
-58.744339 -23.204178 -73.404793
-0.910834 0.248041 -0.329935
0.536339 0.844190
-85.797844 -174.298737 -49.508148
-0.992719 -0.042214 0.112812
0.292550 0.817233
-85.287582 -134.410736 -67.349960
-0.994870 0.098463 0.023202
0.359186 0.837407
-86.635612 -178.432373 -67.779129
-0.980510 -0.145554 0.131960
0.289475 0.838087
-92.569191 -172.348450 -78.631859
-0.746686 -0.287942 0.599624
0.300776 0.851796
-84.509384 -185.776047 -90.513634
-0.845454 -0.504427 -0.175387
0.279658 0.863380
-7.898738 225.146683 -24.916470
-0.973324 0.156410 -0.167858
0.927619 0.743016
-4.345003 221.675034 -36.531601
-0.926788 0.047110 -0.372618
0.927778 0.783139
-69.775513 -263.541992 -93.695663
-0.872640 -0.475764 0.110220
0.160483 0.876314
-77.334106 -232.848801 -71.542709
-0.857401 -0.426669 0.287779
0.203976 0.845490
-77.241470 -216.571747 -52.292282
-0.907815 -0.391740 0.149707
0.222471 0.815995
-61.774750 -265.397156 -90.291847
-0.433067 -0.530027 0.729057
0.153704 0.866656
-70.556046 -236.373886 -69.393028
-0.525988 -0.611300 0.591311
0.198250 0.842111
-72.303963 -221.503052 -49.636246
-0.511633 -0.842893 0.166625
0.215825 0.809907
-86.768066 -146.654434 -78.022133
-0.825835 0.145658 0.544776
0.340246 0.850871
-11.542329 131.459824 -64.421379
-0.668309 0.273057 -0.691956
0.030317 0.501387
-5.021080 139.263428 -71.858551
-0.795145 0.126087 -0.593166
0.046808 0.521583
-6.333913 143.093002 -64.414009
-0.758078 0.398763 -0.516048
0.066342 0.519495
0.000007 200.415848 -45.336521
0.000000 0.273801 -0.961786
0.897951 0.825388
-5.492029 158.577454 -56.305473
-0.678789 0.317925 -0.661944
0.862775 0.839117
-48.015022 -23.706749 -95.579689
-0.721436 0.239516 -0.649740
0.536070 0.878264
-60.725208 -99.289017 -111.434998
-0.612276 0.232111 -0.755806
0.414015 0.892063
-37.528271 42.195419 -79.718933
-0.893789 0.256806 -0.367686
0.648313 0.863647
-79.236176 -124.395134 -102.417252
-0.302340 0.284910 -0.909625
0.374495 0.876826
-65.352425 -186.377228 -120.742432
-0.589491 -0.016123 -0.807614
0.276361 0.897318
-80.611847 -176.210632 -104.110207
-0.527698 -0.269722 -0.805472
0.294902 0.877376
-33.852707 -187.921539 -134.669113
-0.292825 0.009225 -0.956122
0.272683 0.923849
-27.434830 -98.769150 -128.469345
-0.316383 0.164792 -0.934208
0.414818 0.924033
-20.178593 68.192215 -86.722252
-0.518715 0.413594 -0.748248
0.674984 0.879916
-11.542329 131.459824 -64.421379
-0.668309 0.273057 -0.691956
0.810920 0.849294
0.000007 131.850021 -71.915871
-0.000000 -0.046011 -0.998941
0.813911 0.864158
0.000007 -185.979263 -140.120010
-0.000000 0.014786 -0.999891
0.276156 0.971961
0.000007 -100.247711 -133.608231
0.000000 0.147016 -0.989134
0.412900 0.966268
-20.597574 16.744816 -102.547539
-0.326348 0.101242 -0.939812
0.579695 0.902145
0.000006 16.097454 -109.530983
0.000000 0.239174 -0.970977
0.584070 0.963328
0.000007 -24.983688 -119.233597
0.000000 0.205870 -0.978579
0.536133 0.964754
-22.560503 -23.454702 -111.217102
-0.409075 0.210212 -0.887958
0.536287 0.910994
0.000007 219.425339 -44.309364
0.000000 -0.373586 -0.927596
0.927849 0.818372
-54.778336 -264.056335 -118.799431
-0.639768 -0.199583 -0.742202
0.153141 0.897492
0.000008 49.005028 -101.967934
0.000000 0.280426 -0.959876
0.663774 0.960403
-19.900723 49.076233 -93.913597
0.137061 0.340956 -0.930034
0.663655 0.890637
-37.422878 42.065468 -91.267746
-0.934332 -0.002587 0.356394
0.648346 0.880194
-30.667959 23.593185 -95.415787
-0.856220 -0.225896 -0.464606
0.581657 0.894354
-41.393032 -306.615479 -110.112457
-0.740850 -0.652204 -0.160535
0.091490 0.894931
-55.258152 -288.547913 -102.762634
-0.829755 -0.557977 -0.012950
0.117320 0.885738
-31.290106 -300.250549 -122.192360
-0.403468 -0.325246 -0.855236
0.097278 0.906845
0.000007 -258.069122 -136.127029
-0.000000 -0.120258 -0.992743
0.161279 0.976787
0.000007 -295.153320 -129.609344
0.000000 -0.215515 -0.976501
0.105532 0.976495
-31.095421 -261.467834 -128.286591
-0.293524 -0.120483 -0.948329
0.156252 0.917529
0.000007 -317.603210 -123.316902
-0.000000 -0.507879 -0.861429
0.088648 0.973775
0.000007 -328.445679 -112.974419
0.000000 -0.999319 -0.036906
0.043975 0.975246
-27.044004 -319.470459 -112.502167
-0.498851 -0.861752 -0.092366
0.066781 0.900610
-37.773190 -307.186218 -106.403839
-0.549348 -0.680667 0.484674
0.089048 0.889970
-18.604259 -319.767517 -109.131676
-0.261258 -0.752054 0.605110
0.062707 0.896749
-51.936157 -288.746399 -98.986496
-0.598350 -0.602969 0.527641
0.116362 0.879568
0.000007 -325.092468 -109.428802
0.000000 -0.726545 0.687119
0.040496 0.974337
-5.492029 158.577454 -56.305473
-0.678789 0.317925 -0.661944
0.121799 0.514664
0.000007 163.046005 -60.219490
0.000000 0.425582 -0.904920
0.867191 0.851640
4.794519 256.082397 -69.226753
0.909239 -0.247475 -0.334724
0.777106 0.122898
4.274458 282.194092 -51.685646
0.948601 0.285997 0.135508
0.833925 0.147799
4.345016 221.675034 -36.531601
0.926788 0.047110 -0.372618
0.713774 0.181528
0.000007 219.425339 -44.309364
0.000000 -0.373586 -0.927596
0.708609 0.166161
0.000007 253.227798 -72.328995
0.000000 -0.593752 -0.804648
0.771561 0.118325
4.318882 302.118713 -76.335472
0.930157 0.259874 0.259373
0.863721 0.094317
4.466072 288.223328 -90.361488
0.889878 -0.184959 -0.417022
0.832672 0.076885
0.000007 285.385376 -93.014763
0.000000 -0.454202 -0.890899
0.826425 0.072770
4.366013 322.908081 -92.821503
0.958240 0.224100 0.177641
0.896114 0.052481
1.906332 318.088745 -102.682922
0.960333 -0.005229 -0.278808
0.884018 0.039077
0.000007 280.737976 -24.374552
0.000000 0.999979 0.006459
0.838498 0.200398
4.457939 276.311768 -24.528654
0.932671 0.360418 -0.014930
0.827883 0.200185
0.000007 286.896790 -50.389503
0.000000 0.888873 0.458154
0.843877 0.149843
0.000007 305.558655 -73.757881
-0.000000 0.696583 0.717477
0.870901 0.097508
8.023179 225.131943 -10.654589
0.963048 0.001745 0.269324
0.727299 0.232081
6.350338 259.659912 23.244650
0.964846 -0.170730 0.199809
0.796208 0.290777
0.000007 249.931351 26.733213
0.000000 -0.686381 0.727242
0.775619 0.299105
0.000007 222.802353 -1.580502
0.000000 -0.410872 0.911693
0.725959 0.250831
4.503758 283.295349 10.035528
0.920244 0.364239 -0.143114
0.844857 0.264892
7.898751 225.146683 -24.916470
0.973324 0.156410 -0.167858
0.724835 0.203961
0.000007 286.922119 7.497030
0.000000 0.941849 -0.336036
0.853825 0.259384
4.231129 303.987000 44.444382
0.904102 0.330056 -0.271409
0.883302 0.331678
5.998794 286.225647 50.903107
0.949630 -0.184740 0.253128
0.845791 0.343003
0.000007 306.655701 41.523529
0.000000 0.798318 -0.602236
0.890610 0.324989
0.000007 279.206787 54.595406
0.000000 -0.638690 0.769464
0.829476 0.350759
4.227672 320.568726 76.174347
0.928587 -0.171903 0.328900
0.909184 0.395703
0.000007 310.913147 77.995529
0.000000 -0.556850 0.830613
0.887584 0.398596
5.130873 331.651062 73.660965
0.951343 0.202697 -0.232080
0.932600 0.393080
3.348181 348.050781 91.728401
0.975766 0.059457 0.210584
0.958959 0.432961
0.000007 353.476013 88.554703
-0.000000 0.830470 -0.557064
0.970494 0.430533
0.000007 366.044861 102.870399
0.000000 0.831371 0.555718
0.990598 0.460899
0.000007 344.946655 94.885002
-0.000000 -0.407781 0.913080
0.950858 0.439270
0.000007 335.636475 71.461273
0.000000 0.393750 -0.919218
0.942395 0.388329
3.175754 340.445435 74.396164
0.836794 0.283423 -0.468452
0.949840 0.399613
0.000007 343.731384 72.182701
0.000000 0.590886 -0.806755
0.958125 0.397433
0.000007 325.706604 -89.617859
0.000000 0.568730 0.822525
0.902492 0.056505
0.000007 350.134460 -104.514206
-0.000000 0.944186 0.329412
0.943563 0.014553
0.000007 346.327942 -102.192604
0.000000 0.520693 0.853744
0.936466 0.021382
-4.794506 256.082397 -69.226753
-0.909239 -0.247475 -0.334724
0.777113 0.122720
-4.345003 221.675034 -36.531601
-0.926788 0.047110 -0.372618
0.713781 0.181350
-4.274445 282.194092 -51.685646
-0.948601 0.285997 0.135508
0.833932 0.147622
-4.318868 302.118713 -76.335472
-0.930157 0.259874 0.259373
0.863728 0.094139
-4.466058 288.223328 -90.361488
-0.889878 -0.184959 -0.417022
0.832679 0.076708
-4.365999 322.908081 -92.821503
-0.958240 0.224100 0.177641
0.896121 0.052304
-1.906319 318.088745 -102.682922
-0.960333 -0.005229 -0.278808
0.884025 0.038899
-4.457926 276.311768 -24.528654
-0.932671 0.360418 -0.014930
0.827890 0.200007
-8.023166 225.131943 -10.654589
-0.963048 0.001745 0.269324
0.727306 0.231903
-6.350324 259.659912 23.244650
-0.964846 -0.170730 0.199809
0.796215 0.290600
-4.503745 283.295349 10.035528
-0.920244 0.364239 -0.143114
0.844864 0.264714
-7.898738 225.146683 -24.916470
-0.973324 0.156410 -0.167858
0.724841 0.203783
-4.231116 303.987000 44.444382
-0.904102 0.330056 -0.271409
0.883309 0.331501
-5.998780 286.225647 50.903107
-0.949630 -0.184740 0.253128
0.845798 0.342825
-4.227659 320.568726 76.174347
-0.928587 -0.171903 0.328900
0.909191 0.395526
-5.130860 331.651062 73.660965
-0.951343 0.202697 -0.232080
0.932607 0.392903
-3.348168 348.050781 91.728401
-0.975766 0.059457 0.210584
0.958966 0.432783
-3.175740 340.445435 74.396164
-0.836794 0.283423 -0.468452
0.949847 0.399435
0.000007 -159.032257 46.742455
0.000000 -0.470445 0.882429
0.395173 0.014023
9.334001 -151.482422 47.416840
0.701436 -0.389347 0.596989
0.411218 0.014131
6.276296 -134.192245 71.841454
0.815994 -0.397017 0.420156
0.443645 0.084102
0.000007 -138.176575 71.876587
-0.000000 -0.748860 0.662728
0.435104 0.085236
6.836781 -43.734795 56.739723
0.832222 0.469831 0.294391
0.640255 0.014758
5.077879 -43.506020 76.127693
0.893806 0.448446 -0.002582
0.637087 0.073779
5.428808 -113.123604 93.822983
0.823135 -0.340843 0.454174
0.484626 0.145653
0.000007 -117.131714 93.822899
-0.000000 -0.671082 0.741383
0.476041 0.146687
3.493051 -37.627731 95.136230
0.917978 0.379570 -0.115083
0.646092 0.130188
0.000007 -40.126984 75.581718
0.000000 0.991877 -0.127201
0.644428 0.071244
0.000007 -34.180820 95.117088
-0.000000 0.925182 -0.379523
0.653478 0.129241
4.238560 -85.580017 113.464882
0.854771 -0.230229 0.465146
0.539918 0.198406
0.000007 -88.604942 114.811256
-0.000000 -0.518470 0.855096
0.533185 0.203289
0.000007 -23.543989 116.827599
0.000000 0.779958 -0.625832
0.672166 0.192657
3.041579 -26.457527 116.334435
0.908482 0.369895 -0.194521
0.666018 0.191905
3.652987 -53.279053 127.650352
0.843509 -0.132976 0.520393
0.608347 0.221425
0.000007 -55.298759 129.051666
0.000000 -0.318183 0.948029
0.603756 0.226216
0.000007 -0.724060 140.119995
0.000000 0.874801 0.484482
0.716651 0.257751
0.000007 -40.223938 57.808434
0.000000 0.956445 0.291914
0.647574 0.017109
-6.276282 -134.192245 71.841454
-0.815994 -0.397017 0.420156
0.443859 0.083681
-9.333987 -151.482422 47.416840
-0.701436 -0.389347 0.596989
0.411231 0.014010
-6.836767 -43.734795 56.739723
-0.832222 0.469831 0.294391
0.640443 0.012906
-5.077866 -43.506020 76.127693
-0.893806 0.448446 -0.002582
0.637422 0.071906
-5.428795 -113.123604 93.822983
-0.823135 -0.340843 0.454174
0.485027 0.144876
-3.493037 -37.627731 95.136230
-0.917978 0.379570 -0.115083
0.646576 0.128203
0.000007 -40.126984 75.581718
0.000000 0.991877 -0.127201
0.644762 0.069317
0.000007 -34.180820 95.117088
-0.000000 0.925182 -0.379523
0.653966 0.127201
-4.238546 -85.580017 113.464882
-0.854771 -0.230229 0.465146
0.540495 0.197170
0.000007 -88.604942 114.811256
-0.000000 -0.518470 0.855096
0.533769 0.202099
0.000007 -23.543989 116.827599
0.000000 0.779958 -0.625832
0.672828 0.190426
-3.041565 -26.457527 116.334435
-0.908482 0.369895 -0.194521
0.666674 0.189722
-3.652974 -53.279053 127.650352
-0.843509 -0.132976 0.520393
0.609062 0.219659
0.000007 -55.298759 129.051666
0.000000 -0.318183 0.948029
0.604481 0.224481
0.000007 -0.724060 140.119995
0.000000 0.874801 0.484482
0.717512 0.255134
0.000007 -40.223938 57.808434
0.000000 0.956445 0.291914
0.647773 0.015200
51.936172 -288.746399 -98.986496
0.928556 -0.363785 -0.073790
0.862817 0.930145
61.774765 -265.397156 -90.291847
0.928556 -0.363785 -0.073790
0.904926 0.930145
55.653130 -286.627258 -62.660484
0.928556 -0.363785 -0.073790
0.884960 0.983081
61.774765 -265.397156 -90.291847
0.096103 0.778897 0.619744
0.813541 0.930145
54.107750 -261.679932 -93.774750
0.096103 0.778897 0.619744
0.839867 0.930145
55.653130 -286.627258 -62.660484
0.096103 0.778897 0.619744
0.827367 0.983081
54.107750 -261.679932 -93.774750
-0.902788 0.312551 0.295442
0.904926 0.930145
44.585758 -282.116882 -101.250816
-0.902788 0.312551 0.295442
0.862817 0.930145
55.653130 -286.627258 -62.660484
-0.902788 0.312551 0.295442
0.884960 0.983081
44.585758 -282.116882 -101.250816
-0.684349 -0.720493 0.112055
0.839859 0.930145
51.936172 -288.746399 -98.986496
-0.684349 -0.720493 0.112055
0.813540 0.930145
55.653130 -286.627258 -62.660484
-0.684349 -0.720493 0.112055
0.827419 0.983081
61.774765 -265.397156 -90.291847
0.962399 -0.270050 -0.029349
0.904926 0.930145
70.556061 -236.373886 -69.393028
0.962399 -0.270050 -0.029349
0.949810 0.930148
63.968914 -261.641357 -52.901176
0.962399 -0.270050 -0.029349
0.923366 0.983081
70.556061 -236.373886 -69.393028
0.011659 0.544401 0.838744
0.813541 0.930145
59.012726 -235.006821 -70.119881
0.011659 0.544401 0.838744
0.839860 0.930145
63.968914 -261.641357 -52.901176
0.011659 0.544401 0.838744
0.827380 0.983081
37.773205 -307.186218 -106.403839
0.813143 -0.558219 -0.164894
0.817368 0.930146
51.936172 -288.746399 -98.986496
0.813143 -0.558219 -0.164894
0.862817 0.930145
47.132870 -302.710205 -75.401115
0.813143 -0.558219 -0.164894
0.839217 0.983081
33.268787 -296.072021 -105.345879
-0.868023 -0.381991 0.317204
0.785135 0.930146
37.773205 -307.186218 -106.403839
-0.868023 -0.381991 0.317204
0.813541 0.930145
47.132870 -302.710205 -75.401115
-0.868023 -0.381991 0.317204
0.798791 0.983081
59.012726 -235.006821 -70.119881
-0.971687 -0.029241 0.234457
0.949828 0.930148
54.107750 -261.679932 -93.774750
-0.971687 -0.029241 0.234457
0.904926 0.930145
63.968914 -261.641357 -52.901176
-0.971687 -0.029241 0.234457
0.923366 0.983081
54.107750 -261.679932 -93.774750
-0.475336 -0.872190 0.115503
0.839859 0.930145
61.774765 -265.397156 -90.291847
-0.475336 -0.872190 0.115503
0.813543 0.930145
63.968914 -261.641357 -52.901176
-0.475336 -0.872190 0.115503
0.827380 0.983081
51.936172 -288.746399 -98.986496
0.479809 0.708662 0.517282
0.785135 0.930146
44.585758 -282.116882 -101.250816
0.479809 0.708662 0.517282
0.813541 0.930145
47.132870 -302.710205 -75.401115
0.479809 0.708662 0.517282
0.798791 0.983081
44.585758 -282.116882 -101.250816
-0.752498 0.476978 0.454135
0.862817 0.930145
33.268787 -296.072021 -105.345879
-0.752498 0.476978 0.454135
0.817368 0.930146
47.132870 -302.710205 -75.401115
-0.752498 0.476978 0.454135
0.839217 0.983081
18.604275 -319.767517 -109.131676
0.553352 -0.779357 -0.293946
0.769029 0.930146
37.773205 -307.186218 -106.403839
0.553352 -0.779357 -0.293946
0.817368 0.930146
30.835255 -323.526672 -76.140076
0.553352 -0.779357 -0.293946
0.792916 0.983081
37.773205 -307.186218 -106.403839
0.872160 0.318092 0.371691
0.785135 0.930146
33.268787 -296.072021 -105.345879
0.872160 0.318092 0.371691
0.754924 0.930146
30.835255 -323.526672 -76.140076
0.872160 0.318092 0.371691
0.769853 0.983081
33.268787 -296.072021 -105.345879
-0.494541 0.653463 0.573075
0.817368 0.930146
14.860455 -307.055603 -108.707214
-0.494541 0.653463 0.573075
0.769029 0.930146
30.835255 -323.526672 -76.140076
-0.494541 0.653463 0.573075
0.792916 0.983081
14.860455 -307.055603 -108.707214
-0.910486 -0.278361 0.305827
0.754924 0.930146
18.604275 -319.767517 -109.131676
-0.910486 -0.278361 0.305827
0.785135 0.930146
30.835255 -323.526672 -76.140076
-0.910486 -0.278361 0.305827
0.769853 0.983081
0.000007 -309.502869 -110.200325
-0.932600 0.017840 0.360472
0.730262 0.930148
0.000007 -325.092468 -109.428802
-0.932600 0.017840 0.360472
0.754925 0.930146
11.687325 -333.443909 -78.778488
-0.932600 0.017840 0.360472
0.743051 0.983081
18.604275 -319.767517 -109.131676
0.910565 0.257372 0.323467
0.754925 0.930146
14.860455 -307.055603 -108.707214
0.910565 0.257372 0.323467
0.730283 0.930148
11.687325 -333.443909 -78.778488
0.910565 0.257372 0.323467
0.743051 0.983081
59.012726 -235.006821 -70.119881
-0.114309 -0.992152 -0.050669
0.839855 0.930145
70.556061 -236.373886 -69.393028
-0.114309 -0.992152 -0.050669
0.867912 0.930148
66.711731 -237.245621 -43.650799
-0.114309 -0.992152 -0.050669
0.851384 0.983081
70.556061 -236.373886 -69.393028
0.948833 -0.286874 0.131983
0.949810 0.930148
72.303978 -221.503052 -49.636246
0.948833 -0.286874 0.131983
0.991528 0.930151
66.711731 -237.245621 -43.650799
0.948833 -0.286874 0.131983
0.966818 0.983081
72.303978 -221.503052 -49.636246
-0.163679 0.400862 0.901398
0.839859 0.930145
58.318459 -220.803024 -52.487099
-0.163679 0.400862 0.901398
0.867930 0.930148
66.711731 -237.245621 -43.650799
-0.163679 0.400862 0.901398
0.851384 0.983081
58.318459 -220.803024 -52.487099
-0.910982 -0.337983 0.236388
0.991528 0.930151
59.012726 -235.006821 -70.119881
-0.910982 -0.337983 0.236388
0.949828 0.930148
66.711731 -237.245621 -43.650799
-0.910982 -0.337983 0.236388
0.966818 0.983081
73.364098 -219.650284 -16.316580
0.994524 -0.097039 -0.038798
0.949977 0.930142
69.772064 -254.861710 -20.324169
0.994524 -0.097039 -0.038798
0.904722 0.930139
71.047768 -233.351913 -41.422287
0.994524 -0.097039 -0.038798
0.923516 0.983083
69.772064 -254.861710 -20.324169
-0.204173 -0.679293 -0.704893
0.839731 0.930139
59.675304 -255.123779 -17.147083
-0.204173 -0.679293 -0.704893
0.868019 0.930142
71.047768 -233.351913 -41.422287
-0.204173 -0.679293 -0.704893
0.851478 0.983083
59.675304 -255.123779 -17.147083
-0.944080 0.206893 -0.256726
0.904706 0.930139
67.343239 -218.000687 -15.427936
-0.944080 0.206893 -0.256726
0.949983 0.930142
71.047768 -233.351913 -41.422287
-0.944080 0.206893 -0.256726
0.923516 0.983083
50.142838 -291.088379 -29.525349
-0.283883 -0.629507 -0.723278
0.839722 0.930139
39.498543 -287.657745 -28.333376
-0.283883 -0.629507 -0.723278
0.813396 0.930138
63.266445 -270.680054 -52.438747
-0.283883 -0.629507 -0.723278
0.827098 0.983084
69.772064 -254.861710 -20.324169
0.870526 -0.487944 0.063994
0.904722 0.930139
50.142838 -291.088379 -29.525349
0.870526 -0.487944 0.063994
0.862576 0.930138
63.266445 -270.680054 -52.438747
0.870526 -0.487944 0.063994
0.884509 0.983084
39.498543 -287.657745 -28.333376
-0.747066 0.576881 -0.330303
0.862568 0.930138
59.675304 -255.123779 -17.147083
-0.747066 0.576881 -0.330303
0.904706 0.930139
63.266445 -270.680054 -52.438747
-0.747066 0.576881 -0.330303
0.884509 0.983084
59.675304 -255.123779 -17.147083
-0.152832 0.898464 -0.411587
0.813396 0.930138
69.772064 -254.861710 -20.324169
-0.152832 0.898464 -0.411587
0.839722 0.930139
63.266445 -270.680054 -52.438747
-0.152832 0.898464 -0.411587
0.827098 0.983084
39.498543 -287.657745 -28.333376
0.249282 0.898765 -0.360665
0.813396 0.930138
50.142838 -291.088379 -29.525349
0.249282 0.898765 -0.360665
0.785252 0.930136
42.450359 -303.050110 -64.650421
0.249282 0.898765 -0.360665
0.798596 0.983084
50.142838 -291.088379 -29.525349
0.829002 -0.559175 0.008872
0.862576 0.930138
30.575043 -320.266418 -40.107883
0.829002 -0.559175 0.008872
0.817555 0.930136
42.450359 -303.050110 -64.650421
0.829002 -0.559175 0.008872
0.838905 0.983084
22.694427 -309.278931 -36.570698
-0.679034 0.654453 -0.332570
0.817551 0.930136
39.498543 -287.657745 -28.333376
-0.679034 0.654454 -0.332570
0.862568 0.930138
42.450359 -303.050110 -64.650421
-0.679034 0.654454 -0.332570
0.838905 0.983084
30.575043 -320.266418 -40.107883
-0.733613 -0.336016 -0.590682
0.785252 0.930136
22.694427 -309.278931 -36.570698
-0.733613 -0.336016 -0.590682
0.813396 0.930138
42.450359 -303.050110 -64.650421
-0.733613 -0.336016 -0.590682
0.798596 0.983084
15.023184 -330.817322 -44.449211
-0.877489 0.093139 -0.470466
0.755014 0.930138
12.808686 -315.379456 -37.262577
-0.877489 0.093139 -0.470466
0.785252 0.930136
28.230320 -323.820190 -67.697235
-0.877489 0.093139 -0.470466
0.769757 0.983084
30.575043 -320.266418 -40.107883
0.548714 -0.833799 0.060768
0.817555 0.930136
15.023184 -330.817322 -44.449211
0.548714 -0.833799 0.060768
0.769174 0.930138
28.230320 -323.820190 -67.697235
0.548714 -0.833799 0.060768
0.792762 0.983084
22.694427 -309.278931 -36.570698
0.781424 0.607016 -0.144600
0.755014 0.930138
30.575043 -320.266418 -40.107883
0.781424 0.607016 -0.144600
0.785252 0.930136
28.230320 -323.820190 -67.697235
0.781424 0.607015 -0.144600
0.769757 0.983084
12.808686 -315.379456 -37.262577
-0.448297 0.776645 -0.442552
0.769173 0.930138
22.694427 -309.278931 -36.570698
-0.448297 0.776645 -0.442552
0.817551 0.930136
28.230320 -323.820190 -67.697235
-0.448297 0.776645 -0.442552
0.792762 0.983084
15.023184 -330.817322 -44.449211
0.149250 -0.985689 -0.078367
0.769172 0.930138
0.000007 -332.999390 -45.615166
0.149250 -0.985689 -0.078367
0.730083 0.930124
8.548594 -330.205566 -64.474556
0.149250 -0.985689 -0.078367
0.750019 0.983084
0.000007 -332.999390 -45.615166
-0.908089 0.156500 -0.388435
0.755012 0.930138
0.000007 -318.143555 -39.629784
-0.908089 0.156500 -0.388435
0.730525 0.930124
8.548594 -330.205566 -64.474556
-0.908089 0.156500 -0.388435
0.743042 0.983084
0.000007 -318.143555 -39.629784
-0.104323 0.880102 -0.463181
0.729991 0.930124
12.808686 -315.379456 -37.262577
-0.104323 0.880102 -0.463181
0.769171 0.930138
8.548594 -330.205566 -64.474556
-0.104323 0.880102 -0.463181
0.750019 0.983084
12.808686 -315.379456 -37.262577
0.919448 0.266489 -0.289135
0.730525 0.930124
15.023184 -330.817322 -44.449211
0.919448 0.266489 -0.289135
0.755013 0.930138
8.548594 -330.205566 -64.474556
0.919448 0.266489 -0.289135
0.743042 0.983084
14.860455 -307.055603 -108.707214
-0.187098 0.746589 0.638435
0.769032 0.930146
0.000007 -309.502869 -110.200325
-0.187098 0.746589 0.638435
0.729605 0.930148
11.687325 -333.443909 -78.778488
-0.187098 0.746589 0.638435
0.750033 0.983081
0.000007 -325.092468 -109.428802
0.263298 -0.900612 -0.345793
0.729605 0.930148
18.604275 -319.767517 -109.131676
0.263298 -0.900612 -0.345793
0.769032 0.930146
11.687325 -333.443909 -78.778488
0.263298 -0.900612 -0.345793
0.750033 0.983081
67.343239 -218.000687 -15.427936
0.164011 0.859456 -0.484187
0.839731 0.930139
73.364098 -219.650284 -16.316580
0.164011 0.859455 -0.484187
0.868019 0.930142
71.047768 -233.351913 -41.422287
0.164011 0.859456 -0.484187
0.851478 0.983083
92.569206 -172.348450 -78.631859
0.746686 -0.287942 0.599624
0.300423 0.313847
114.212914 -165.677948 -94.860634
0.544808 -0.187677 0.817289
0.319297 0.277718
111.447266 -142.898315 -90.445480
0.443661 0.157395 0.882265
0.369851 0.282498
86.768082 -146.654434 -78.022133
0.825835 0.145658 0.544776
0.359007 0.319432
139.853973 -158.257263 -107.011490
0.616675 -0.770963 0.159147
0.326272 0.235909
138.519836 -153.194275 -103.929199
0.476707 -0.207028 0.854336
0.349056 0.245103
116.470566 -174.330933 -99.275795
0.530616 -0.838189 0.126039
0.292042 0.266822
160.328064 -141.707489 -114.921684
0.715077 -0.694883 0.076171
0.363118 0.206217
158.131073 -138.055481 -111.856415
0.516331 -0.152683 0.842668
0.375337 0.213399
107.651375 -116.212143 -102.460732
0.309823 0.918690 -0.244987
0.429246 0.276478
79.167572 -104.238503 -87.854492
0.878049 0.408392 -0.249493
0.446706 0.316700
79.236191 -124.395134 -102.417252
0.302340 0.284910 -0.909625
0.249862 0.142196
79.167572 -104.238503 -87.854492
0.878049 0.408392 -0.249493
0.249712 0.089144
107.651375 -116.212143 -102.460732
0.309823 0.918690 -0.244987
0.285226 0.134881
135.606476 -135.215851 -102.005554
0.340512 0.205073 0.917604
0.385662 0.246786
130.240326 -118.273315 -109.370522
-0.065593 0.990636 -0.119742
0.425150 0.246309
154.385635 -126.666420 -109.949791
0.326724 0.235468 0.915318
0.402212 0.218770
151.280334 -115.944366 -115.194794
-0.181845 0.982785 -0.032666
0.425094 0.217943
84.509399 -185.776047 -90.513634
0.845454 -0.504427 -0.175387
0.255172 0.298787
80.611862 -176.210632 -104.110207
0.527698 -0.269722 -0.805472
0.244513 0.240584
112.414627 -165.501923 -112.556854
-0.007618 -0.425015 -0.905154
0.286745 0.224438
173.507858 -116.781540 -120.326271
0.322139 0.295667 0.899337
0.418242 0.188393
176.262466 -120.311401 -121.468994
0.544399 -0.078095 0.835183
0.407782 0.181547
193.595856 -102.040283 -131.369797
0.746226 0.595426 -0.297682
0.438780 0.142575
170.151230 -111.040047 -123.442451
-0.355209 0.926529 -0.123980
0.429931 0.187799
134.852112 -151.608002 -118.751045
0.014592 -0.347471 -0.937577
0.322941 0.201402
175.219711 -118.991653 -127.131172
-0.073163 -0.206548 -0.975697
0.395982 0.159341
178.464035 -122.470215 -123.860031
0.752587 -0.656230 -0.054552
0.398724 0.171271
154.701508 -136.950089 -122.685989
0.025763 -0.258613 -0.965638
0.357433 0.180186
151.280334 -115.944366 -115.194794
-0.181845 0.982785 -0.032666
0.341170 0.140221
170.151230 -111.040047 -123.442451
-0.355209 0.926529 -0.123980
0.393102 0.142322
130.240326 -118.273315 -109.370522
-0.065593 0.990636 -0.119742
0.314553 0.138167
44.334354 44.217560 -100.145103
0.774199 -0.139549 0.617367
0.628471 0.247103
30.664661 23.593185 -95.415779
0.858244 -0.221002 -0.463222
0.576931 0.244555
55.474327 48.831436 -114.805077
0.762428 -0.383792 -0.520968
0.649357 0.232302
37.422894 42.065468 -91.267746
0.934332 -0.002673 0.356393
0.618345 0.264069
20.597589 16.744812 -102.547539
0.316903 0.108312 -0.942253
0.567547 0.258221
39.380142 48.508125 -112.917328
-0.414679 0.166599 -0.894587
0.621925 0.257077
36.670738 61.520836 -98.612663
0.119434 0.987949 0.098447
0.643431 0.281589
20.178608 68.192215 -86.722252
0.518714 0.413593 -0.748249
0.634452 0.337641
59.727608 65.538643 -114.874207
0.661423 0.680704 -0.314899
0.680491 0.237399
19.900743 49.076233 -93.913582
-0.137060 0.340956 -0.930034
0.606984 0.304280
58.318459 -220.803024 -52.487099
-0.200737 -0.930513 0.306351
0.202809 0.075410
67.343239 -218.000687 -15.427936
-0.350524 -0.873429 -0.338015
0.148647 0.082990
0.000007 -201.203568 3.063667
0.000000 -0.740841 -0.671681
0.157749 0.022998
0.000007 -199.113083 -44.752861
-0.000000 -0.979308 0.202376
0.204363 0.023042
59.675304 -255.123779 -17.147083
-0.418584 0.251463 -0.872670
0.100652 0.075554
0.000007 -251.540298 8.721834
0.005334 0.082078 -0.996612
0.100819 0.023042
39.498543 -287.657745 -28.333376
-0.457495 0.562120 -0.688999
0.055335 0.057835
0.000007 -282.567383 2.046638
-0.016748 0.411719 -0.911157
0.059184 0.023021
22.694427 -309.278931 -36.570698
-0.530255 0.620737 -0.577507
0.027460 0.046077
0.000007 -313.179260 -14.257507
-0.064567 0.721945 -0.688931
0.019200 0.023042
12.808686 -315.379456 -37.262577
-0.360504 0.887944 -0.285643
0.013621 0.035634
0.000007 -318.143555 -39.629784
-0.036035 0.980754 -0.191893
0.006009 0.023042
54.107750 -261.679932 -93.774750
-0.215888 -0.451928 0.865537
0.268328 0.072394
59.012726 -235.006821 -70.119881
-0.271204 -0.703359 0.657065
0.228030 0.077128
0.000007 -215.680130 -77.081772
0.000000 -0.762920 0.646493
0.242222 0.023039
0.000007 -254.227539 -101.119965
0.000000 -0.379677 0.925119
0.281351 0.023042
14.860455 -307.055603 -108.707214
-0.076608 -0.162827 0.983676
0.326414 0.034522
33.268787 -296.072021 -105.345879
-0.098510 -0.177215 0.979230
0.311745 0.052286
0.000007 -309.502869 -110.200325
0.000000 -0.162102 0.986774
0.331532 0.023042
44.585758 -282.116882 -101.250816
-0.141523 -0.230765 0.962662
0.296540 0.063206
72.303978 -221.503052 -49.636246
0.511633 -0.842893 0.166625
0.198027 0.094306
73.364098 -219.650284 -16.316580
0.685991 -0.676803 -0.267122
0.147732 0.094483
-92.569191 -172.348450 -78.631859
-0.746686 -0.287942 0.599624
0.070486 0.294747
-86.768066 -146.654434 -78.022133
-0.825835 0.145658 0.544776
0.129070 0.300332
-111.447250 -142.898315 -90.445480
-0.443661 0.157395 0.882265
0.139914 0.263399
-114.212898 -165.677948 -94.860634
-0.544808 -0.187677 0.817289
0.089359 0.258618
-139.853973 -158.257263 -107.011490
-0.616675 -0.770963 0.159147
0.096334 0.216809
-116.470551 -174.330933 -99.275795
-0.530616 -0.838189 0.126039
0.062105 0.247722
-138.519836 -153.194275 -103.929199
-0.476707 -0.207028 0.854336
0.119119 0.226003
-160.328064 -141.707489 -114.921684
-0.715077 -0.694883 0.076171
0.133180 0.187118
-158.131073 -138.055481 -111.856415
-0.516331 -0.152683 0.842668
0.145399 0.194300
-79.167557 -104.238503 -87.854492
-0.878049 0.408392 -0.249493
0.216769 0.297600
-107.651360 -116.212143 -102.460732
-0.309823 0.918690 -0.244987
0.199309 0.252864
-79.236176 -124.395134 -102.417252
-0.302340 0.284910 -0.909625
0.019925 0.123096
-107.651360 -116.212143 -102.460732
-0.309823 0.918690 -0.244987
0.055288 0.115782
-79.167557 -104.238503 -87.854492
-0.878049 0.408392 -0.249493
0.019775 0.070044
-135.606476 -135.215851 -102.005554
-0.340512 0.205073 0.917604
0.155724 0.227686
-130.240326 -118.273315 -109.370522
0.065593 0.990636 -0.119742
0.195213 0.227210
-151.280334 -115.944366 -115.194794
0.181845 0.982785 -0.032666
0.195156 0.198843
-154.385635 -126.666420 -109.949791
-0.326724 0.235468 0.915318
0.172275 0.199670
-112.414612 -165.501923 -112.556854
0.007618 -0.425015 -0.905154
0.056808 0.205338
-80.611847 -176.210632 -104.110207
-0.527698 -0.269722 -0.805472
0.014576 0.221485
-84.509384 -185.776047 -90.513634
-0.845454 -0.504427 -0.175387
0.025234 0.279688
-173.507858 -116.781540 -120.326271
-0.322139 0.295667 0.899337
0.188305 0.169294
-193.595856 -102.040283 -131.369797
-0.746226 0.595426 -0.297682
0.208843 0.123475
-176.262466 -120.311401 -121.468994
-0.544399 -0.078095 0.835183
0.177845 0.162447
-170.151230 -111.040047 -123.442451
0.355209 0.926529 -0.123980
0.199994 0.168699
-134.852112 -151.608002 -118.751045
-0.014592 -0.347471 -0.937577
0.093004 0.182303
-175.219711 -118.991653 -127.131172
0.073163 -0.206548 -0.975697
0.166044 0.140241
-154.701508 -136.950089 -122.685989
-0.025763 -0.258613 -0.965638
0.127495 0.161086
-178.464035 -122.470215 -123.860031
-0.752587 -0.656230 -0.054552
0.168786 0.152171
-170.151230 -111.040047 -123.442451
0.355209 0.926529 -0.123980
0.163164 0.123222
-151.280334 -115.944366 -115.194794
0.181845 0.982785 -0.032666
0.111233 0.121122
-130.240326 -118.273315 -109.370522
0.065593 0.990636 -0.119742
0.084616 0.119067
-44.334339 44.217560 -100.145103
-0.774197 -0.139482 0.617384
0.628366 0.247067
-55.474312 48.831436 -114.805077
-0.762432 -0.383778 -0.520972
0.648509 0.232204
-30.667959 23.593185 -95.415787
-0.856220 -0.225896 -0.464606
0.576194 0.245405
-37.422878 42.065468 -91.267746
-0.934332 -0.002587 0.356394
0.617209 0.263773
-20.597574 16.744816 -102.547539
-0.326348 0.101242 -0.939812
0.568783 0.257954
-39.380127 48.508125 -112.917343
0.414679 0.166599 -0.894587
0.621504 0.257312
-20.178593 68.192215 -86.722252
-0.518715 0.413594 -0.748248
0.635137 0.337282
-36.670723 61.520836 -98.612663
-0.119435 0.987949 0.098448
0.642397 0.283044
-59.727592 65.538643 -114.874207
-0.661423 0.680705 -0.314899
0.680947 0.236305
-19.900723 49.076233 -93.913597
0.137061 0.340956 -0.930034
0.606239 0.304521
-20.178593 68.192215 -86.722252
-0.518715 0.413594 -0.748248
0.634226 0.339388
-58.318443 -220.803024 -52.487099
0.200737 -0.930513 0.306351
0.202809 0.075410
-67.343224 -218.000687 -15.427936
0.360684 -0.865171 -0.348405
0.148647 0.082990
-60.726826 -255.845490 -19.055208
0.419652 0.236435 -0.876351
0.100652 0.075554
-39.367542 -288.948822 -24.854572
0.439997 0.481363 -0.758085
0.055335 0.057835
-25.483072 -308.223572 -31.394566
0.463577 0.618598 -0.634376
0.027460 0.046077
-12.650511 -315.747681 -35.243946
0.277002 0.919324 -0.279486
0.013621 0.035634
-54.107735 -261.679932 -93.774750
0.215888 -0.451928 0.865537
0.268328 0.072394
-59.012711 -235.006821 -70.119881
0.271204 -0.703359 0.657065
0.228030 0.077128
-14.860441 -307.055603 -108.707214
0.076608 -0.162827 0.983676
0.326414 0.034522
-33.268772 -296.072021 -105.345879
0.098510 -0.177215 0.979230
0.311745 0.052286
-44.585743 -282.116882 -101.250816
0.141523 -0.230765 0.962662
0.296540 0.063206
-73.364082 -219.650284 -16.316580
-0.685991 -0.676803 -0.267122
0.147732 0.094483
-72.303963 -221.503052 -49.636246
-0.511633 -0.842893 0.166625
0.198027 0.094306
-51.936157 -288.746399 -98.986496
-0.928556 -0.363785 -0.073790
0.862817 0.930145
-55.653114 -286.627258 -62.660484
-0.928556 -0.363785 -0.073790
0.884960 0.983081
-61.774750 -265.397156 -90.291847
-0.928556 -0.363785 -0.073790
0.904926 0.930145
-61.774750 -265.397156 -90.291847
-0.096103 0.778897 0.619744
0.839859 0.930145
-55.653114 -286.627258 -62.660484
-0.096103 0.778897 0.619744
0.827367 0.983081
-54.107735 -261.679932 -93.774750
-0.096103 0.778897 0.619744
0.813541 0.930145
-54.107735 -261.679932 -93.774750
0.902788 0.312551 0.295442
0.904926 0.930145
-55.653114 -286.627258 -62.660484
0.902788 0.312551 0.295442
0.884960 0.983081
-44.585743 -282.116882 -101.250816
0.902788 0.312551 0.295442
0.862817 0.930145
-44.585743 -282.116882 -101.250816
0.684349 -0.720493 0.112055
0.839859 0.930145
-55.653114 -286.627258 -62.660484
0.684349 -0.720493 0.112055
0.827367 0.983081
-51.936157 -288.746399 -98.986496
0.684349 -0.720493 0.112055
0.813541 0.930145
-61.774750 -265.397156 -90.291847
-0.962399 -0.270050 -0.029349
0.904926 0.930145
-63.968899 -261.641357 -52.901176
-0.962399 -0.270050 -0.029349
0.923366 0.983081
-70.556046 -236.373886 -69.393028
-0.962399 -0.270050 -0.029349
0.949810 0.930148
-70.556046 -236.373886 -69.393028
-0.011659 0.544401 0.838744
0.839859 0.930145
-63.968899 -261.641357 -52.901176
-0.011659 0.544401 0.838744
0.851384 0.983081
-59.012711 -235.006821 -70.119881
-0.011659 0.544401 0.838744
0.867912 0.930148
-37.773190 -307.186218 -106.403839
-0.813143 -0.558219 -0.164894
0.817368 0.930146
-47.132854 -302.710205 -75.401115
-0.813143 -0.558219 -0.164894
0.839255 0.983081
-51.936157 -288.746399 -98.986496
-0.813143 -0.558219 -0.164894
0.862817 0.930145
-33.268772 -296.072021 -105.345879
0.868023 -0.381991 0.317204
0.813541 0.930145
-47.132854 -302.710205 -75.401115
0.868023 -0.381991 0.317205
0.798791 0.983081
-37.773190 -307.186218 -106.403839
0.868023 -0.381991 0.317204
0.785135 0.930146
-59.012711 -235.006821 -70.119881
0.971687 -0.029241 0.234457
0.949828 0.930148
-63.968899 -261.641357 -52.901176
0.971687 -0.029241 0.234457
0.923366 0.983081
-54.107735 -261.679932 -93.774750
0.971687 -0.029241 0.234457
0.904926 0.930145
-54.107735 -261.679932 -93.774750
0.475336 -0.872190 0.115503
0.867912 0.930148
-63.968899 -261.641357 -52.901176
0.475336 -0.872190 0.115503
0.851384 0.983081
-61.774750 -265.397156 -90.291847
0.475336 -0.872190 0.115503
0.839859 0.930145
-51.936157 -288.746399 -98.986496
-0.479809 0.708662 0.517282
0.785135 0.930146
-47.132854 -302.710205 -75.401115
-0.479809 0.708662 0.517282
0.798791 0.983081
-44.585743 -282.116882 -101.250816
-0.479809 0.708662 0.517282
0.813541 0.930145
-44.585743 -282.116882 -101.250816
0.752498 0.476978 0.454135
0.862817 0.930145
-47.132854 -302.710205 -75.401115
0.752498 0.476978 0.454135
0.839217 0.983081
-33.268772 -296.072021 -105.345879
0.752498 0.476978 0.454135
0.817373 0.930146
-18.604259 -319.767517 -109.131676
-0.553352 -0.779357 -0.293946
0.769032 0.930146
-30.835239 -323.526672 -76.140076
-0.553352 -0.779357 -0.293946
0.792916 0.983081
-37.773190 -307.186218 -106.403839
-0.553352 -0.779357 -0.293946
0.817368 0.930146
-37.773190 -307.186218 -106.403839
-0.872160 0.318092 0.371691
0.754925 0.930146
-30.835239 -323.526672 -76.140076
-0.872160 0.318092 0.371691
0.769853 0.983081
-33.268772 -296.072021 -105.345879
-0.872160 0.318092 0.371691
0.785135 0.930146
-33.268772 -296.072021 -105.345879
0.494541 0.653463 0.573075
0.817368 0.930146
-30.835239 -323.526672 -76.140076
0.494541 0.653463 0.573075
0.792916 0.983081
-14.860441 -307.055603 -108.707214
0.494541 0.653463 0.573075
0.769032 0.930146
-14.860441 -307.055603 -108.707214
0.910486 -0.278361 0.305827
0.754925 0.930146
-30.835239 -323.526672 -76.140076
0.910486 -0.278361 0.305827
0.769853 0.983081
-18.604259 -319.767517 -109.131676
0.910486 -0.278361 0.305827
0.785135 0.930146
0.000007 -309.502869 -110.200325
0.932600 0.017840 0.360472
0.754925 0.930146
-11.687311 -333.443909 -78.778488
0.932600 0.017840 0.360472
0.743051 0.983081
0.000007 -325.092468 -109.428802
0.932600 0.017840 0.360472
0.730262 0.930148
-18.604259 -319.767517 -109.131676
-0.910565 0.257372 0.323467
0.769032 0.930146
-11.687311 -333.443909 -78.778488
-0.910565 0.257372 0.323467
0.750033 0.983081
-14.860441 -307.055603 -108.707214
-0.910565 0.257372 0.323467
0.729570 0.930148
-59.012711 -235.006821 -70.119881
0.114309 -0.992152 -0.050669
0.893985 0.930151
-66.711716 -237.245621 -43.650799
0.114309 -0.992152 -0.050669
0.878542 0.983081
-70.556046 -236.373886 -69.393028
0.114309 -0.992152 -0.050669
0.867912 0.930148
-70.556046 -236.373886 -69.393028
-0.948833 -0.286874 0.131983
0.949810 0.930148
-66.711716 -237.245621 -43.650799
-0.948833 -0.286874 0.131983
0.966818 0.983081
-72.303963 -221.503052 -49.636246
-0.948833 -0.286874 0.131983
0.991528 0.930151
-72.303963 -221.503052 -49.636246
0.163679 0.400862 0.901398
0.867912 0.930148
-66.711716 -237.245621 -43.650799
0.163679 0.400862 0.901398
0.878542 0.983081
-58.318443 -220.803024 -52.487099
0.163679 0.400862 0.901398
0.893985 0.930151
-58.318443 -220.803024 -52.487099
0.910982 -0.337983 0.236388
0.991528 0.930151
-66.711716 -237.245621 -43.650799
0.910982 -0.337983 0.236388
0.966818 0.983081
-59.012711 -235.006821 -70.119881
0.910982 -0.337983 0.236388
0.949828 0.930148
-73.364082 -219.650284 -16.316580
-0.994524 -0.097039 -0.038798
0.949977 0.930142
-71.047752 -233.351913 -41.422287
-0.994524 -0.097039 -0.038798
0.923516 0.983083
-69.772049 -254.861710 -20.324169
-0.994524 -0.097039 -0.038798
0.904722 0.930139
-69.772049 -254.861710 -20.324169
0.024167 -0.699307 -0.714413
0.839722 0.930139
-71.047752 -233.351913 -41.422287
0.024167 -0.699307 -0.714413
0.851478 0.983083
-60.726826 -255.845490 -19.055208
0.024167 -0.699307 -0.714413
0.868019 0.930142
-60.726826 -255.845490 -19.055208
0.950108 0.189830 -0.247508
0.904706 0.930139
-71.047752 -233.351913 -41.422287
0.950108 0.189830 -0.247508
0.923516 0.983083
-67.343224 -218.000687 -15.427936
0.950107 0.189830 -0.247508
0.949983 0.930142
-50.142822 -291.088379 -29.525349
0.422401 -0.543120 -0.725671
0.839722 0.930139
-63.266430 -270.680054 -52.438747
0.422401 -0.543120 -0.725671
0.827098 0.983084
-39.367542 -288.948822 -24.854572
0.422401 -0.543120 -0.725671
0.813396 0.930138
-69.772049 -254.861710 -20.324169
-0.870526 -0.487944 0.063994
0.904722 0.930139
-63.266430 -270.680054 -52.438747
-0.870526 -0.487944 0.063994
0.884509 0.983084
-50.142822 -291.088379 -29.525349
-0.870526 -0.487944 0.063994
0.862576 0.930138
-39.367542 -288.948822 -24.854572
0.775032 0.553492 -0.304913
0.862568 0.930138
-63.266430 -270.680054 -52.438747
0.775032 0.553492 -0.304913
0.884509 0.983084
-60.726826 -255.845490 -19.055208
0.775032 0.553492 -0.304913
0.904706 0.930139
-60.726826 -255.845490 -19.055208
0.155360 0.898302 -0.410995
0.813396 0.930138
-63.266430 -270.680054 -52.438747
0.155360 0.898302 -0.410995
0.827098 0.983084
-69.772049 -254.861710 -20.324169
0.155360 0.898302 -0.410995
0.839722 0.930139
-39.367542 -288.948822 -24.854572
-0.043863 0.942733 -0.330651
0.813396 0.930138
-42.450344 -303.050110 -64.650421
-0.043863 0.942733 -0.330651
0.798596 0.983084
-50.142822 -291.088379 -29.525349
-0.043863 0.942733 -0.330651
0.785252 0.930136
-50.142822 -291.088379 -29.525349
-0.829002 -0.559175 0.008872
0.862576 0.930138
-42.450344 -303.050110 -64.650421
-0.829002 -0.559175 0.008872
0.838905 0.983084
-30.575027 -320.266418 -40.107883
-0.829002 -0.559175 0.008872
0.817555 0.930136
-25.483072 -308.223572 -31.394566
0.732596 0.621727 -0.277054
0.817551 0.930136
-42.450344 -303.050110 -64.650421
0.732596 0.621727 -0.277054
0.838905 0.983084
-39.367542 -288.948822 -24.854572
0.732596 0.621727 -0.277054
0.862568 0.930138
-30.575027 -320.266418 -40.107883
0.887234 -0.042803 -0.459329
0.785252 0.930136
-42.450344 -303.050110 -64.650421
0.887234 -0.042803 -0.459329
0.798596 0.983084
-25.483072 -308.223572 -31.394566
0.887234 -0.042803 -0.459329
0.813396 0.930138
-15.023170 -330.817322 -44.449211
0.878431 0.140667 -0.456697
0.785252 0.930136
-28.230305 -323.820190 -67.697235
0.878431 0.140667 -0.456697
0.769757 0.983084
-12.650511 -315.747681 -35.243946
0.878431 0.140667 -0.456697
0.755014 0.930138
-30.575027 -320.266418 -40.107883
-0.548714 -0.833799 0.060768
0.817555 0.930136
-28.230305 -323.820190 -67.697235
-0.548714 -0.833799 0.060768
0.792762 0.983084
-15.023170 -330.817322 -44.449211
-0.548714 -0.833799 0.060768
0.769174 0.930138
-25.483072 -308.223572 -31.394566
-0.874072 0.466829 -0.134416
0.755014 0.930138
-28.230305 -323.820190 -67.697235
-0.874072 0.466829 -0.134416
0.769757 0.983084
-30.575027 -320.266418 -40.107883
-0.874073 0.466829 -0.134416
0.785252 0.930136
-12.650511 -315.747681 -35.243946
0.376043 0.840696 -0.389643
0.769173 0.930138
-28.230305 -323.820190 -67.697235
0.376043 0.840696 -0.389643
0.792762 0.983084
-25.483072 -308.223572 -31.394566
0.376043 0.840696 -0.389643
0.817551 0.930136
-15.023170 -330.817322 -44.449211
-0.149250 -0.985689 -0.078367
0.769172 0.930138
-8.548580 -330.205566 -64.474556
-0.149250 -0.985689 -0.078367
0.750019 0.983084
0.000007 -332.999390 -45.615166
-0.149250 -0.985689 -0.078367
0.730083 0.930124
0.000007 -332.999390 -45.615166
0.908089 0.156500 -0.388435
0.755014 0.930138
-8.548580 -330.205566 -64.474556
0.908089 0.156500 -0.388435
0.743042 0.983084
0.000007 -318.143555 -39.629784
0.908089 0.156500 -0.388435
0.730582 0.930124
0.000007 -318.143555 -39.629784
0.016890 0.897162 -0.441379
0.729991 0.930124
-8.548580 -330.205566 -64.474556
0.016890 0.897162 -0.441379
0.750019 0.983084
-12.650511 -315.747681 -35.243946
0.016890 0.897162 -0.441379
0.769171 0.930138
-12.650511 -315.747681 -35.243946
-0.905662 0.315572 -0.283178
0.755014 0.930138
-8.548580 -330.205566 -64.474556
-0.905662 0.315572 -0.283178
0.743042 0.983084
-15.023170 -330.817322 -44.449211
-0.905662 0.315572 -0.283178
0.730525 0.930124
-14.860441 -307.055603 -108.707214
0.187098 0.746589 0.638435
0.769032 0.930146
-11.687311 -333.443909 -78.778488
0.187098 0.746589 0.638435
0.750033 0.983081
0.000007 -309.502869 -110.200325
0.187098 0.746589 0.638435
0.729570 0.930148
0.000007 -325.092468 -109.428802
-0.263298 -0.900612 -0.345793
0.729580 0.930148
-11.687311 -333.443909 -78.778488
-0.263298 -0.900612 -0.345793
0.750033 0.983081
-18.604259 -319.767517 -109.131676
-0.263298 -0.900612 -0.345793
0.769032 0.930146
-67.343224 -218.000687 -15.427936
-0.164011 0.859456 -0.484187
0.839722 0.930139
-71.047752 -233.351913 -41.422287
-0.164011 0.859456 -0.484187
0.851478 0.983083
-73.364082 -219.650284 -16.316580
-0.164011 0.859456 -0.484187
0.868019 0.930142
0
1
2
2
3
0
1
0
4
4
5
1
5
6
7
7
1
5
7
6
8
8
9
7
10
11
12
12
13
10
14
15
13
13
12
14
16
2
1
1
7
16
16
7
17
17
7
9
9
18
17
19
17
18
18
20
19
21
22
23
23
24
21
21
25
22
25
21
26
14
27
28
28
15
14
19
29
27
27
17
19
28
27
29
29
30
28
31
32
33
33
34
31
10
35
36
36
11
10
0
37
38
38
4
0
39
40
41
41
42
39
43
38
44
44
45
43
46
47
48
48
49
46
47
46
39
39
50
47
42
51
50
50
39
42
52
48
47
47
53
52
53
47
50
50
54
53
54
50
51
51
55
54
55
51
56
56
57
55
35
58
57
57
36
35
58
59
55
55
57
58
54
55
59
59
60
54
53
54
60
60
52
53
57
56
37
37
36
57
38
37
56
56
44
38
61
13
15
44
56
51
51
42
44
42
41
45
45
44
42
26
62
34
34
63
26
26
63
64
64
25
26
65
40
39
39
46
65
66
22
25
65
46
49
49
67
65
68
23
22
22
66
68
66
25
64
62
21
69
21
62
26
62
69
70
70
71
62
62
71
31
31
34
62
8
70
69
69
9
8
69
21
18
18
9
69
21
24
20
20
18
21
17
27
16
27
14
2
2
16
27
2
14
12
12
3
2
36
37
72
72
11
36
12
11
72
72
3
12
0
3
72
72
37
0
73
74
6
6
5
73
75
76
77
77
78
75
79
80
81
81
82
79
83
84
74
74
73
83
6
74
76
76
8
6
85
73
5
5
4
85
83
73
86
87
86
73
73
85
87
88
87
89
82
81
31
31
71
82
80
90
91
91
81
80
81
91
32
32
31
81
89
87
92
92
93
89
87
85
94
94
92
87
38
94
85
85
4
38
93
92
95
95
96
93
94
97
95
95
92
94
43
97
94
94
38
43
87
88
98
98
86
87
86
98
83
71
70
75
75
82
71
82
75
78
78
79
82
76
74
84
84
77
76
76
75
70
70
8
76
99
100
101
101
102
99
102
101
103
104
80
79
79
105
104
84
83
106
106
107
84
108
77
84
84
107
108
109
110
111
110
109
106
110
106
83
112
113
106
106
109
112
114
115
116
116
108
114
117
118
113
113
112
117
119
120
121
121
122
119
104
123
90
90
80
104
124
109
111
114
125
126
126
115
114
114
108
127
108
107
128
128
127
108
120
119
128
128
107
120
125
119
122
122
126
125
129
130
124
124
131
129
93
131
124
132
133
130
130
134
132
135
134
130
135
130
136
136
137
135
138
139
136
136
129
138
136
130
129
140
131
93
93
96
140
139
141
137
137
136
139
131
140
138
138
129
131
101
100
142
142
103
101
103
142
143
143
144
103
145
104
105
93
124
111
111
89
93
113
120
107
107
106
113
118
121
120
120
113
118
132
117
112
112
133
132
102
103
144
133
124
130
124
133
112
112
109
124
79
78
116
116
105
79
108
116
78
78
77
108
146
147
148
148
149
146
149
150
151
151
146
149
150
149
152
153
154
150
153
155
156
156
154
153
10
13
157
157
158
10
159
157
13
13
160
159
152
153
150
149
148
152
152
161
153
161
162
155
155
153
161
19
20
162
162
161
19
23
163
164
164
24
23
165
164
163
164
165
166
159
160
167
167
168
159
19
161
168
168
29
19
167
30
29
29
168
167
169
34
33
33
170
169
10
158
171
171
35
10
146
151
172
172
173
146
174
175
176
176
177
174
178
179
180
180
172
178
181
49
48
48
182
181
182
183
174
174
181
182
175
174
183
183
184
175
52
185
182
182
48
52
185
186
183
183
182
185
186
187
184
184
183
186
187
188
189
189
184
187
35
171
188
188
58
35
58
188
187
187
59
58
186
60
59
59
187
186
185
52
60
60
186
185
188
171
173
173
189
188
172
180
189
189
173
172
61
160
13
180
175
184
184
189
180
175
180
179
179
176
175
166
63
34
34
190
166
166
165
64
64
63
166
191
181
174
174
177
191
66
165
163
191
67
49
49
181
191
68
66
163
163
23
68
66
64
165
164
190
192
190
164
166
190
193
194
194
192
190
190
34
169
169
193
190
156
155
192
192
194
156
192
155
162
162
164
192
164
162
20
20
24
164
161
152
168
168
152
148
148
159
168
148
147
157
157
159
148
171
158
195
195
173
171
157
147
195
195
158
157
146
173
195
195
147
146
196
150
154
154
197
196
198
199
200
200
201
198
202
203
204
204
205
202
206
196
197
197
207
206
154
156
201
201
197
154
208
151
150
150
196
208
206
209
196
210
208
196
196
209
210
211
212
210
203
193
169
169
204
203
205
204
213
213
214
205
204
169
170
170
213
204
212
215
216
216
210
212
210
216
217
217
208
210
172
151
208
208
217
172
215
218
219
219
216
215
217
216
219
219
220
217
178
172
217
217
220
178
210
209
221
221
211
210
209
206
221
193
203
198
198
194
193
203
202
199
199
198
203
201
200
207
207
197
201
201
156
194
194
198
201
99
222
223
223
100
99
222
224
223
225
226
202
202
205
225
207
227
228
228
206
207
229
227
207
207
200
229
230
231
232
231
230
228
230
206
228
233
231
228
228
234
233
235
229
236
236
237
235
238
233
234
234
239
238
240
241
242
242
243
240
225
205
214
214
244
225
245
232
231
235
237
246
246
247
235
235
248
229
229
248
249
249
227
229
240
227
249
227
240
243
247
246
241
241
240
247
250
251
245
245
252
250
215
245
251
253
254
252
252
255
253
256
252
254
256
257
258
258
252
256
259
250
258
258
260
259
258
250
252
261
218
215
215
251
261
260
258
257
257
262
260
251
250
259
259
261
251
223
224
142
142
100
223
224
263
143
143
142
224
264
226
225
215
212
232
232
245
215
234
228
227
227
243
234
239
234
243
243
242
239
253
255
233
233
238
253
222
263
224
255
252
245
245
231
233
233
255
245
202
226
236
236
199
202
229
200
199
199
236
229
265
266
267
265
267
268
268
269
265
270
266
265
265
271
270
271
265
269
269
272
271
273
270
271
271
274
273
275
276
266
266
277
275
266
270
278
278
277
266
279
280
281
281
282
279
279
283
280
284
276
283
283
279
284
285
283
276
276
275
285
286
287
280
280
283
286
288
286
283
283
285
288
281
280
287
287
289
281
289
287
290
290
291
289
287
286
292
292
290
287
292
293
290
293
294
295
291
290
293
293
296
291
271
272
274
293
295
296
288
297
292
292
286
288
293
292
298
298
294
293
299
294
298
300
278
270
270
273
300
297
299
298
298
292
297
273
274
301
302
300
273
273
301
302
276
284
267
267
266
276
303
304
305
303
269
268
268
304
303
306
307
303
303
305
306
307
272
269
269
303
307
308
309
307
307
306
308
275
277
305
305
310
275
305
277
278
278
306
305
311
282
281
281
312
311
311
312
313
314
311
313
313
310
314
285
275
310
310
313
285
315
313
312
312
316
315
288
285
313
313
315
288
281
289
316
316
312
281
289
291
317
317
316
289
316
317
318
318
315
316
318
317
319
319
295
294
291
296
319
319
317
291
307
309
272
319
296
295
288
315
318
318
297
288
319
294
320
320
318
319
299
320
294
300
308
306
306
278
300
297
318
320
320
299
297
308
301
309
302
301
308
308
300
302
310
305
304
304
314
310
321
322
323
323
324
321
325
326
323
323
322
325
327
328
324
324
323
327
326
329
327
327
323
326
330
331
329
329
326
330
332
333
328
328
327
332
334
335
329
329
331
334
336
337
333
333
332
336
332
327
329
329
335
332
336
332
335
335
338
336
335
334
338
337
336
338
326
325
339
339
330
326
321
324
340
340
341
321
342
341
340
340
343
342
344
340
324
324
328
344
343
340
344
344
345
343
346
343
345
345
347
346
348
344
328
328
349
348
350
347
345
345
351
350
352
348
349
349
353
352
348
351
345
345
344
348
352
354
351
351
348
352
351
354
350
353
354
352
343
346
355
355
342
343
356
357
358
359
360
361
362
363
364
365
366
367
368
369
370
371
372
373
374
375
376
377
378
379
380
381
382
383
384
385
386
387
388
389
390
391
392
393
394
395
396
397
398
399
400
401
402
403
404
405
406
407
408
409
410
411
412
413
414
415
416
417
418
419
420
421
422
423
424
425
426
427
428
429
430
431
432
433
434
435
436
437
438
439
440
441
442
443
444
445
446
447
448
449
450
451
452
453
454
455
456
457
458
459
460
461
462
463
464
465
466
467
468
469
470
471
472
473
474
475
476
477
478
479
480
481
482
483
484
485
486
487
488
489
490
490
491
488
492
493
489
489
494
492
495
496
493
493
492
495
490
497
498
498
491
490
499
500
501
502
503
497
497
490
502
503
502
504
504
505
503
494
506
507
507
508
494
499
501
508
508
507
499
509
510
511
511
512
509
513
492
494
494
508
513
514
515
495
495
516
514
514
516
517
517
518
514
515
514
511
518
511
514
515
510
496
496
495
515
509
512
505
505
504
509
513
516
495
495
492
513
516
513
519
519
517
516
501
519
513
513
508
501
493
502
490
490
489
493
496
504
502
502
493
496
510
509
504
504
496
510
488
506
494
494
489
488
510
515
511
520
521
522
521
520
523
524
525
522
522
521
524
523
520
526
526
527
523
520
522
528
528
526
520
524
529
525
529
527
526
526
525
529
525
526
528
528
522
525
530
531
532
532
533
530
531
534
535
535
532
531
534
536
537
537
535
534
538
539
537
537
536
538
539
540
541
542
543
544
544
545
542
546
547
545
545
548
546
543
530
533
533
544
543
545
547
549
549
542
545
538
540
539
531
530
550
550
551
531
552
553
554
554
555
552
556
557
555
555
558
556
559
556
558
558
560
559
554
553
561
561
562
554
563
564
565
566
554
562
562
567
566
567
568
569
569
566
567
557
570
571
571
572
557
563
571
570
570
564
563
573
574
575
574
573
576
577
570
557
557
556
577
578
579
559
559
580
578
578
581
582
582
579
578
580
574
578
581
578
574
580
559
560
560
575
580
573
569
568
568
576
573
577
556
559
559
579
577
579
582
583
583
577
579
564
570
577
577
583
564
558
555
554
554
566
558
560
558
566
566
569
560
575
560
569
569
573
575
552
555
557
557
572
552
575
574
580
584
585
586
586
587
584
588
586
585
585
589
588
587
590
591
591
584
587
584
591
592
592
585
584
588
589
593
593
589
591
591
594
593
589
585
592
592
591
589
595
533
532
532
596
595
596
532
535
535
597
596
597
535
537
537
598
597
599
598
537
537
539
599
539
541
600
601
545
544
544
602
601
603
548
545
545
604
603
602
544
533
533
595
602
545
601
605
605
604
545
599
539
600
596
606
607
607
595
596
608
609
610
611
612
613
614
615
616
617
618
619
620
621
622
623
624
625
626
627
628
629
630
631
632
633
634
635
636
637
638
639
640
641
642
643
644
645
646
647
648
649
650
651
652
653
654
655
656
657
658
659
660
661
662
663
664
665
666
667
668
669
670
671
672
673
674
675
676
677
678
679
680
681
682
683
684
685
686
687
688
689
690
691
692
693
694
695
696
697
698
699
700
701
702
703
704
705
706
707
708
709
710
711
712
713
714
715
716
717
718
719
720
721
722
723
724
725
726
727
728
729
730
731
732
733
734
735
736
737
738
739
